name,1990,1995,2000,2005,2010,2015,2020
India,870452165,964279129,1059633675,1154638713,1240613620,1322866505,1396387127
Mexico,81720428,89969572,97873442,105442402,112532401,120149897,125998302
Russian Federation,147969407,148375787,146596869,143518814,142849468,144096870,144073139
Syrian Arab Republic,12408996,14313450,16307654,18583557,22337563,19205178,20772595
China,1135185000,1204855000,1262645000,1303720000,1337705000,1379860000,1411100000
Bangladesh,107147651,117793338,129193327,140912590,148391139,157830000,167420951
Pakistan,115414069,133117476,154369924,174372098,194454498,210969298,227196741
Ukraine,51891400,51512800,49176500,47105171,45870741,45154036,44132049
Philippines,61558898,69250468,77958223,86261250,94636700,103031365,112190977
Afghanistan,10694796,16418912,19542982,24411191,28189672,33753499,38972230
